100110100111001010111000000000111110111111111111111111110
100110100111001010111000000000111110111111111111111111111
10011010011100101011100000000011111111111111111111111111111111111111111111110
100110100111001010111000000000111110111111111111110
1001101001110010101110000000001111111111111111111111111111111111111111111111111111111111111111111111111111111110
1001101001110010101110000000001111111111111111111111111111111111111111111110
1001101001110010101110100000001
10011010011100101011100000000011111011111111110
1001101001110010101110000000001111111111111111111111111111111111111111111111111111111111111111111111111111111111111111111111111111111110
100110100111001010111000000000111111111111111111111111111111111111111111111111111111111111111111111111111111110
110010
100110100111001010111000000000111111111111111111111111111111111111111111110
100110100111001010111000000000111111111111111111111111111110
110001
100110100111001010111010001
100110100111001010111000000000111110111111110
10011010011100101011100000000010111111
1001101001110010101110000000001111111111111111111111111111111111111111111111111111111111111111111111111111111111111111111111111111111111
1001101001110010101110000000001111111111111111111111111111111111111111111111111111111111111111111111111111111111111111111110
1001101001110010101110000000001111111111111111111111111111111111111111111111111111111111111111111111111111110
10011010011100101011100000000011111111111111111111111111111111111111111111111111111111111111110
10011010011100101011100000000011111111111111111111111111111111111111111111111111111110
1001101001110010101110000000001111111111111111111111111111111111111111111111111110
10011010011100101011100000000011111111111111111111111111111111111111111110
1001101001110010101110000000001111111111111111111111111111111111110
10011010011100101011100000000011111111111111111111111111110
1001101001110010101110000000001111111111111111111110
100110100111001010111000000001
1001101001110010101110000001
10011010011100101011100001
1001101001110010101110101
1001101001110010101110000000001111101111110
111
1101100001
10011010011100111
1001101001110010010
100110100111001000
11011001100101110100
10011010011100101010
100110100111001101
1101100011010
1101100011011
0111000010001
1001101001110010101110000000001111111111111111111111111111111111111111111111101111110
011101
1101100111
1001100
100110100111000
1001101001100
011100001001
11011000110011
11011000110010
10011010011011
10011010011101
01110000100000
01110000100001
10011010011010
110110011001010
100110111001
110110010
1001101001110010101110001
100110100111001010111001
100110100111001010111011
11011101101
1101100110010111000
011100000
1101100000
1001101000
11011000111
0111000011
10011011001
10011011000
1001101101
110111010
100110111000
1101100011000
11011001101
1001101111
10011011101
01110000101
11011101110
1101100110011
10011010010
1101100010
011100010
1001101001111
11011001100100
1001101011
11011001100101111
110110011000
11011001100101101
100110100111001100
10011010011100101011100000000011111111111111111111111111111111111111111111111010
100110100111001011
1001101001110010101110000000001111111111111111111111111111111111111111111111110
1001101010
10011010011100101011100000000011111111111111111111111111111111111111110
1000
1101101
101011
10010
000
100111
011111
0011
0100
11011101111
11011100
10100
110000
0101
0110
1101111
0111000110
11010
0010
1011
110011
0111001
101010
0111000111
011110
11011101100
1001101001110010101110000000001111111111110
10011010011100101011100000000011111111111110
100110100111001010111000000000111111111111110
1001101001110010101110000000001111111111111110
100110100111001010111000000000111110111110
100110100111001010111000000000111110110
10011010011100101011100000000011111010
1001101001110010101110000000001111100
1001101001110010101110000000001111010
1001101001110010101110000000001111011
100110100111001010111000000000111100
10011010011100101011100000000010111110
1001101001110010101110000000001011110
100110100111001010111000000000101110
10011010011100101011100000000010110
1001101001110010101110000000001010
100110100111001010111000000000100
100110100111001010111000000000010
100110100111001010111000000000011
10011010011100101011100000000000
100110100111001010111000000000111111111111111111111111111111111111111111111111111111111111111111111111111111111111111111111111111111110
1001101001110010101110000000001111111111111111111111111111111111111111111111111111111111111111111111111111111111111111111111111111110
100110100111001010111000000000111111111111111111111111111111111111111111111111111111111111111111111111111111111111111111111111111110
10011010011100101011100000000011111111111111111111111111111111111111111111111111111111111111111111111111111111111111111111111111110
100110100111001010111000000000111111111111111111111111111111111111111111111111111111111111111111111111111111111111111111111111110
10011010011100101011100000000011111111111111111111111111111111111111111111111111111111111111111111111111111111111111111111111110
1001101001110010101110000000001111111111111111111111111111111111111111111111111111111111111111111111111111111111111111111111110
10011010011100101011100000000011111111111111111111111111111111111111111111111111111111111111111111111111111111111111111111110
100110100111001010111000000000111111111111111111111111111111111111111111111111111111111111111111111111111111111111111111110
1001101001110010101110000000001111111111111111111111111111111111111111111111111111111111111111111111111111111111111111110
100110100111001010111000000000111111111111111111111111111111111111111111111111111111111111111111111111111111111111111110
10011010011100101011100000000011111111111111111111111111111111111111111111111111111111111111111111111111111111111111110
100110100111001010111000000000111111111111111111111111111111111111111111111111111111111111111111111111111111111111110
10011010011100101011100000000011111111111111111111111111111111111111111111111111111111111111111111111111111111111110
1001101001110010101110000000001111111111111111111111111111111111111111111111111111111111111111111111111111111111110
10011010011100101011100000000011111111111111111111111111111111111111111111111111111111111111111111111111111111110
100110100111001010111000000000111111111111111111111111111111111111111111111111111111111111111111111111111110
10011010011100101011100000000011111111111111111111111111111111111111111111111111111111111111111111111111110
10011010011100101011100000000011111111111111111111111111111111111111111111111111111111111111111111111110
1001101001110010101110000000001111111111111111111111111111111111111111111111111111111111111111111111110
1001101001110010100
1001101001110010101110000000001111111111111111111111111111111111111111111111111111111111111111111110
100110100111001010111000000000111111111111111111111111111111111111111111111111111111111111111111110
100110100111001010111000000000111111111111111111111111111111111111111111111111111111111111111110
100110100111001010111000000000111111111111111111111111111111111111111111111111111111111111110
10011010011100101011100000000011111111111111111111111111111111111111111111111111111111111110
1001101001110010101110000000001111111111111111111111111111111111111111111111111111111111110
10011010011100101011100000000011111111111111111111111111111111111111111111111111111111110
1001101001110010101110000000001111111111111111111111111111111111111111111111111111111110
100110100111001010111000000000111111111111111111111111111111111111111111111111111111110
10011010011100101011100000000011111111111111111111111111111111111111111111111011111110
10011010011100101011100000000011111111111111111111111111111111111111111111111011111111
1001101001110010101110000000001111111111111111111111111111111111111111111111111111110
100110100111001010111000000000111111111111111111111111111111111111111111111110111110
100110100111001010111000000000111111111111111111111111111111111111111111111111111110
100110100111001010111000000000111111111111111111111111111111111111111111111111111111111110
10011010011100101011100000000011111111111111111111111111111111111111111111111011110
10011010011100101011100000000011111111111111111111111111111111111111111111111111110
1001101001110010101110000000001111111111111111111111111111111111111111111111101110
1001101001110010101110000000001111111111111111111111111111111111111111111111111111111111111110
100110100111001010111000000000111111111111111111111111111111111111111111111110110
100110100111001010111000000000111111111111111111111111111111111111111111111111110
1001101001110010101110000000001111111111111111111111111111111111111111111111111111111111111111110
10011010011100101011100000000011111111111111111111111111111111111111111111111111111111111111111110
10011010011100101011100000000011111111111111111111111111111111111111111111111110
1001101001110010101110000000001111111111111111111111111111111111111111111111100
10011010011100101011100000000011111111111111111111111111111111111111111111111111111111111111111111110
100110100111001010111000000000111111111111111111111111111111111111111111111111111111111111111111111110
1001101001110010101110000000001111111111111111111111111111111111111111110
100110100111001010111000000000111111111111111111111111111111111111111110
100110100111001010111000000000111111111111111111111111111111111111111111111111111111111111111111111111110
1001101001110010101110000000001111111111111111111111111111111111111111111111111111111111111111111111111110
1001101001110010101110000000001111111111111111111111111111111111111110
100110100111001010111000000000111111111111111111111111111111111111110
10011010011100101011100000000011111111111111111111111111111111111110
10011010011100101011100000000011111111111111111111111111111111111111111111111111111111111111111111111111111110
100110100111001010111000000000111111111111111111111111111111111110
10011010011100101011100000000011111111111111111111111111111111110
1001101001110010101110000000001111111111111111111111111111111110
100110100111001010111000000000111111111111111111111111111111111111111111111111111111111111111111111111111111111110
100110100111001010111000000000111111111111111111111111111111110
10011010011100101011100000000011111111111111111111111111111110
1001101001110010101110000000001111111111111111111111111111110
1001101001110010101110000000001111111111111111111111111111111111111111111111111111111111111111111111111111111111111110
1001101001110010101110000000001111111111111111111111111110
100110100111001010111000000000111111111111111111111111110
10011010011100101011100000000011111111111111111111111110
10011010011100101011100000000011111111111111111111111111111111111111111111111111111111111111111111111111111111111111111110
1001101001110010101110000000001111111111111111111111110
100110100111001010111000000000111111111111111111111110
10011010011100101011100000000011111111111111111111110
100110100111001010111000000000111111111111111111111111111111111111111111111111111111111111111111111111111111111111111111111110
100110100111001010111000000000111111111111111111110
10011010011100101011100000000011111111111111111110
1001101001110010101110000000001111111111111111110
1001101001110010101110000000001111111111111111111111111111111111111111111111111111111111111111111111111111111111111111111111111110
100110100111001010111000000000111111111111111110
10011010011100101011100000000011111111111111110
1001101001110010101110100000000
10011010011100101011100000000011111111111111111111111111111111111111111111111111111111111111111111111111111111111111111111111111111110
100110100111001010111010000001
1001101001110010011
10011010011100101011100000001
100110100111001010110
10011010011100101011101000001
100110100111001010111000000000110
1001101001110010101110000000001110
11011001100101100
1001101001110010101110100001
11011001100101110101
1101100110010111001
1101100110010111011
100110100111001010111000001
1001101001110010101110000000001111110
10011010011100101011100000000011111110
1001101001110010101110000000001111101110
10011010011100101011101001
100110100111001010111000000000111111110
1001101001110010101110000000001111111110
10011010011100101011100000000011111011111110
10011010011100101011100000000011111111110
1001101001110010101110000000001111101111111110
100110100111001010111000000000111111111110
100110100111001010111000000000111110111111111110
1001101001110010101110000000001111101111111111110
10011010011100101011100000000011111011111111111110
1001101001110010101111
1001101001110010101110000000001111101111111111111110
10011010011100101011100000000011111011111111111111110
100110100111001010111000000000111110111111111111111110
1001101001110010101110000000001111101111111111111111110
10011010011100101011100000000011111011111111111111111110
