11011000110011000000111101111110
11011000110011000000111101111111
110110001100110000001111111100001010
110110001100110000001111010
110110001100110000001111111000111
110110001100110000001111111100001011
11011000110011000000111111100001
11011000110011000000111100
1101100011001100000011111110111
11011000110011000000111111100010
110001
11011000110011000000111111110000100
1101100011001100000011111110000001
110010
110110001100110000001111110
1101100011001100000011111111110
1101100011001100000011111110110
110110001100110000001111111010
110110001100110000001111111000110
1101100011001100000011111110010
1101100011001100000011111110011
11011000110011000000111111110010
11011000110011000000111111100000110
11011000110011000000111111110000110
1101100011001100000011111110000000
1101100011001100000011111111000000
1101100011001100000011111111000001
11011000110011000000111111110001
110110001100110000001111111101
11011000110011000000111110
11011000110011000000110
1101100011001100000011111111111
111
1101100001
11011000110011011
1101100011001100100
110110001100110001
1101100011001100001
11011000110011000001
110110001100110101
1101100011010
1101100011011
0111000010001
11011000110011000000111111110011
011101
1101100111
1001100
011100001000011
0111000111100
011100001001
11011001100100
11011000110010
01110001111100
01110001111101
01110000100000
01110001111010
01110001111011
110110001100111
100110111001
110110010
110110001100110000001110
1101100011001100000010
110110001100110000000
11011101101
1101100011001100101
011100000
1101100000
1001101001
11011000111
0111000011
10011011001
10011011000
1001101101
110111010
100110111000
1101100011000
11011001101
1001101111
10011011101
01110000101
11011101110
1101100110011
01110001110
1101100010
011100010
0111000111111
11011001100101
1001101011
0111000010000101
110110011000
0111000010000100
110110001100110011
11011000110011000000111111100000111
110110001100110100
1101100011001100000011111110000010
1001101010
11011000110011000000111111110000111
1000
1101101
101011
10010
000
100111
011111
0011
0100
11011101111
11011100
10100
110000
0101
0110
1101111
0111000110
11010
0010
1011
110011
0111001
101010
1001101000
011110
11011101100
1101100011001100000011110110
11011000110011000000111101110
110110001100110000001111011110
1101100011001100000011110111110
110110001100110000001111111110
